3.779729
3.783469
3.787932
3.792831
3.798023
3.803436
3.809032
3.814789
3.820694
3.826740
3.832918
3.839225
3.845654
3.852203
3.858866
3.865641
3.872523
3.879510
3.886597
3.893782
3.901061
3.908432
3.915892
3.923438
3.931068
3.938778
3.946567
3.954432
3.962371
3.970381
3.978460
3.986607
3.994818
4.003093
4.011428
4.019823
4.028274
4.036781
4.045342
4.053954
4.062617
4.071328
4.080085
4.088888
4.097735
4.106623
4.115552
4.124520
4.133526
4.142567
4.151644
4.160753
4.169895
4.179068
4.188270
4.197500
4.206757
4.216039
4.225346
4.234676
4.244028
4.253401
4.262794
4.272205
4.281634
4.291080
4.300541
4.310016
4.319505
4.329006
4.338518
4.348041
4.357573
4.367114
4.376662
4.386217
4.395778
4.405343
4.414913
4.424485
4.434061
4.443637
4.453214
4.462792
4.472368
4.481943
4.491515
4.501084
4.510650
4.520210
4.529766
4.539315
4.548858
4.558393
4.567921
4.577440
4.586949
4.596449
4.605938
4.615416
4.624882
4.634336
4.643778
4.653205
4.662619
4.672019
4.681403
4.690772
4.700124
4.709461
4.718780
4.728081
4.737365
4.746630
4.755876
4.765103
4.774310
4.783497
4.792663
4.801808
4.810932
4.820034
4.829113
4.838170
4.847204
4.856215
4.865202
4.874165
4.883103
4.892017
4.900905
4.909769
4.918606
4.927418
4.936203
4.944962
4.953694
4.962399
4.971076
4.979725
4.988347
4.996941
5.005506
5.014042
5.022549
5.031028
5.039477
5.047896
5.056286
5.064645
5.072975
5.081274
5.089542
5.097780
5.105987
5.114162
5.122306
5.130419
5.138501
5.146550
5.154568
5.162553
5.170507
5.178428
5.186316
5.194172
5.201996
5.209786
5.217544
5.225268
5.232960
5.240618
5.248243
5.255834
5.263392
5.270917
5.278407
5.285864
5.293287
5.300677
5.308032
5.315353
5.322640
5.329893
5.337112
5.344297
-0.931738
-0.924622
-0.917541
-0.910493
-0.903480
-0.896502
-0.889558
-0.882649
-0.875774
-0.868933
-0.862127
-0.855356
-0.848619
-0.841917
-0.835249
-0.828616
-0.822017
-0.815453
-0.808924
-0.802429
-0.795969
-0.789543
-0.783151
-0.776795
-0.770472
-0.764184
-0.757930
-0.751711
-0.745526
-0.739375
-0.733259
-0.727177
-0.721129
-0.715115
-0.709135
-0.703190
-0.697278
-0.691400
-0.685557
-0.679747
-0.673971
-0.668228
-0.662519
-0.656844
-0.651203
-0.645595
-0.640020
-0.634479
-0.628971
-0.623496
-0.618055
-0.612647
-0.607271
-0.601929
-0.596619
-0.591342
-0.586098
-0.580887
-0.575708
-0.570561
-0.565447
-0.560365
-0.555315
-0.550298
-0.545312
-0.540359
-0.535437
-0.530547
-0.525689
-0.520862
-0.516067
-0.511303
-0.506570
-0.501869
-0.497198
-0.492559
-0.487950
-0.483373
-0.478826
-0.474309
-0.469823
-0.465367
-0.460942
-0.456546
-0.452181
-0.447846
-0.443540
-0.439264
-0.435018
-0.430801
-0.426614
-0.422456
-0.418327
-0.414227
-0.410156
-0.406114
-0.402100
-0.398116
-0.394159
-0.390231
-0.386331
-0.382459
-0.378616
-0.374800
-0.371012
-0.367251
-0.363518
-0.359813
-0.356135
-0.352484
-0.348860
-0.345263
-0.341692
-0.338149
-0.334632
-0.331141
-0.327677
-0.324239
-0.320827
-0.317441
-0.314080
-0.310746
-0.307437
-0.304154
-0.300895
-0.297662
-0.294455
-0.291272
-0.288114
-0.284980
-0.281872
-0.278787
-0.275727
-0.272692
-0.269680
-0.266693
-0.263729
-0.260789
-0.257872
-0.254979
-0.252110
-0.249263
-0.246440
-0.243640
-0.240862
-0.238108
-0.235375
-0.232666
-0.229979
-0.227313
-0.224671
-0.222050
-0.219451
-0.216873
-0.214318
-0.211783
-0.209271
-0.206779
-0.204309
-0.201859
-0.199431
-0.197023
-0.194636
-0.192269
-0.189923
-0.187597
-0.185291
-0.183005
-0.180739
-0.178493
-0.176267
-0.174060
-0.171873
-0.169705
-0.167556
-0.165426
-0.163316
-0.161224
-0.159150
-0.157096
-0.155060
-0.153042
-0.151042
-0.149061
-0.147098
-0.145152
-0.143225
-0.141315
-0.139423
-0.137548
-0.135690
-0.133850
-0.132027
-0.130220
-0.128431
-0.126659
-0.124903
-0.123163
-0.121440
-0.119734
-0.118044
-0.116369
-0.114711
-0.113069
-0.111442
-0.109831
-0.108236
-0.106656
-0.105092
-0.103542
-0.102008
-0.100489
-0.098985
-0.097496
-0.096021
-0.094561
-0.093115
-0.091684
-0.090267
-0.088865
-0.087476
-0.086102
-0.084741
-0.083394
-0.082061
-0.080741
-0.079435
-0.078143
-0.076863
-0.075597
-0.074344
-0.073104
-0.071876
-0.070662
-0.069460
-0.068271
-0.067095
-0.065930
-0.064778
-0.063639
-0.062511
-0.061396
-0.060292
-0.059201
-0.058121
-0.057053
-0.055996
-0.054951
-0.053917
-0.052895
-0.051883
-0.050883
0.000000
-2.797886
-2.792751
-2.786897
-2.780618
-2.774056
-2.767279
-2.760324
-2.753209
-2.745946
-2.738544
-2.731009
-2.723347
-2.715561
-2.707658
-2.699640
-2.691512
-2.683277
-2.674939
-2.666502
-2.657969
-2.649342
-2.640626
-2.631823
-2.622935
-2.613966
-2.604919
-2.595795
-2.586597
-2.577328
-2.567990
-2.558585
-2.549116
-2.539585
-2.529993
-2.520343
-2.510636
-2.500875
-2.491062
-2.481198
-2.471285
-2.461325
-2.451319
-2.441270
-2.431179
-2.421047
-2.410877
-2.400669
-2.390425
-2.380146
-2.369835
-2.359493
-2.349120
-2.338718
-2.328289
-2.317834
-2.307355
-2.296851
-2.286326
-2.275779
-2.265213
-2.254628
-2.244026
-2.233407
-2.222773
-2.212125
-2.201465
-2.190792
-2.180108
-2.169415
-2.158712
-2.148002
-2.137285
-2.126562
-2.115835
-2.105103
-2.094368
-2.083631
-2.072893
-2.062155
-2.051417
-2.040680
-2.029945
-2.019214
-2.008486
-1.997762
-1.987044
-1.976332
-1.965627
-1.954930
-1.944241
-1.933560
-1.922890
-1.912230
-1.901581
-1.890943
-1.880319
-1.869707
-1.859108
-1.848524
-1.837955
-1.827401
-1.816864
-1.806343
-1.795839
-1.785353
-1.774885
-1.764436
-1.754006
-1.743596
-1.733206
-1.722838
-1.712490
-1.702164
-1.691861
-1.681580
-1.671323
-1.661089
-1.650879
-1.640693
-1.630532
-1.620397
-1.610287
-1.600203
-1.590146
-1.580115
-1.570112
-1.560136
-1.550188
-1.540268
-1.530377
-1.520514
-1.510681
-1.500877
-1.491102
-1.481358
-1.471644
-1.461961
-1.452309
-1.442688
-1.433098
-1.423541
-1.414015
-1.404521
-1.395060
-1.385631
-1.376235
-1.366873
-1.357543
-1.348248
-1.338986
-1.329757
-1.320563
-1.311404
-1.302279
-1.293188
-1.284132
-1.275112
-1.266126
-1.257176
-1.248261
-1.239382
-1.230539
-1.221731
-1.212959
-1.204224
-1.195525
-1.186862
-1.178236
-1.169646
-1.161093
-1.152577
-1.144098
-1.135656
-1.127251
-1.118882
-1.110552
-1.102258
-1.094002
-1.085783
-1.077602
-1.069459
-1.061353
-1.053285
-1.045254
-1.037261
-1.029306
-1.021389
-1.013510
-1.005669
-0.997866
-0.990101
-0.982373
-0.974684
-0.967033
-0.959420
-0.951845
-0.944308
-0.936809
-0.929348
-0.921926
-0.914541
-0.907195
-0.899886
-0.892616
-0.885383
-0.878189
-0.871033
-0.863915
-0.856834
-0.849792
-0.842788
-0.835821
-0.828892
-0.822002
-0.815148
-0.808333
-0.801556
-0.794816
-0.788113
-0.781448
-0.774821
-0.768231
-0.761679
-0.755164
-0.748686
-0.742246
-0.735842
-0.729476
-0.723147
-0.716855
-0.710600
-0.704381
-0.698200
-0.692055
-0.685947
-0.679875
-0.673840
-0.667841
-0.661878
-0.655952
-0.650062
-0.644208
-0.638390
-0.632608
-0.626862
-0.621151
-0.615476
-0.609837
-0.604233
-0.598664
-0.593131
-0.587632
-0.582169
-0.576741
-0.571348
-0.565989
-0.560665
-0.555376
-0.550121
-0.544900
-0.539714
-0.534561
-0.529443
-0.524359
-0.519308
-0.514292
-0.509308
-0.504359
-0.499442
-0.494559
-0.489709
-0.484892
-0.480108
-0.475356
-0.470638
-0.465951
-0.461298
-0.456676
-0.452087
-0.447530
-0.443004
-0.438511
-0.434049
-0.429619
-0.425220
-0.420853
-0.416516
-0.412211
-0.407937
-0.403694
-0.399481
-0.395299
-0.391147
-0.387026
-0.382934
-0.378873
-0.374842
-0.370840
-0.366869
-0.362926
-0.359014
-0.355130
-0.351276
-0.347450
-0.343654
-0.339886
-0.336147
-0.332436
-0.328754
-0.325100
-0.321474
-0.317876
-0.314306
-0.310763
-0.307249
-0.303761
-0.300301
-0.296868
-0.293462
-0.290083
-0.286731
-0.283405
-0.280106
-0.276833
-0.273586
-0.270366
-0.267171
-0.264003
-0.260860
-0.257742
-0.254650
-0.251583
-0.248542
-0.245525
-0.242534
-0.239567
-0.236624
-0.233707
-0.230813
-0.227944
-0.225099
-0.222278
-0.219481
-0.216707
-0.213957
-0.211230
-0.208527
-0.205847
-0.203190
-0.200556
-0.197944
-0.195356
-0.192789
-0.190246
-0.187724
-0.185224
-0.182747
-0.180291
-0.177857
-0.175445
-0.173054
-0.170685
-0.168337
-0.166009
-0.163703
-0.161418
-0.159153
-0.156909
-0.154685
-0.152482
-0.150299
-0.148136
-0.145993
-0.143869
-0.141766
-0.139682
-0.137617
-0.135572
-0.133546
-0.131539
-0.129551
-0.127582
-0.125631
-0.123699
-0.121786
-0.119891
-0.118014
-0.116155
-0.114314
-0.112491
-0.110686
-0.108899
-0.107128
-0.105376
-0.103640
-0.101922
-0.100221
-0.098536
-0.096869
-0.095218
-0.093584
-0.091966
-0.090364
-0.088779
-0.087210
-0.085657
-0.084120
-0.082598
-0.081092
-0.079602
-0.078127
-0.076667
-0.075223
-0.073794
-0.072380
-0.070980
-0.069596
-0.068226
-0.066871
-0.065530
-0.064203
-0.062891
-0.061593
-0.060309
-0.059038
-0.057782
-0.056539
-0.055310
-0.054095
-0.052893
-0.051704
-0.050528
0.000000
2.406076
2.403364
2.400071
2.396422
2.392523
2.388425
2.384155
2.379725
2.375146
2.370425
2.365566
2.360574
2.355454
2.350210
2.344844
2.339361
2.333765
2.328058
2.322244
2.316325
2.310305
2.304186
2.297972
2.291664
2.285265
2.278777
2.272204
2.265547
2.258808
2.251990
2.245095
2.238124
2.231080
2.223965
2.216781
2.209529
2.202211
2.194830
2.187386
2.179881
2.172318
2.164698
2.157022
2.149292
2.141509
2.133676
2.125793
2.117862
2.109884
2.101861
2.093794
2.085685
2.077535
2.069344
2.061116
2.052850
2.044548
2.036211
2.027841
2.019438
2.011004
2.002540
1.994048
1.985527
1.976980
1.968407
1.959810
1.951190
1.942547
1.933883
1.925198
1.916494
1.907772
1.899032
1.890276
1.881504
1.872718
1.863918
1.855106
1.846281
1.837446
1.828600
1.819745
1.810882
1.802011
1.793133
1.784249
1.775360
1.766466
1.757569
1.748668
1.739766
1.730861
1.721956
1.485782
1.493305
1.504565
1.519062
1.536374
1.459442
1.481043
1.504263
1.528885
1.554728
1.337348
1.364429
1.391698
1.419107
1.446627
1.097311
1.123850
1.149494
1.174320
1.198415
0.896390
0.918280
0.938839
0.958203
0.976512
0.704698
0.720386
0.734618
0.747556
0.759351
0.583145
0.592494
0.600596
0.607596
0.613626
0.463252
0.467219
0.470139
0.472134
0.473317
0.396625
0.396243
0.395121
0.393350
0.391010
0.357545
0.354182
0.350362
0.346143
0.341575
0.321349
0.316165
0.310711
0.305020
0.299122
0.293045
0.286810
0.280440
0.273950
0.267357
0.291244
0.284577
0.277921
0.271276
0.264642
0.273306
0.266739
0.260220
0.253742
0.247302
0.256307
0.249976
0.243709
0.237500
0.231340
0.240579
0.234551
0.228595
0.222704
0.216870
0.241963
0.236318
0.230789
0.225364
0.220030
0.214776
0.209593
0.204470
0.199400
0.194376
0.220368
0.215517
0.210775
0.206130
0.201570
0.197086
0.192668
0.188307
0.183996
0.179728
0.206555
0.202456
0.198463
0.194566
0.190753
0.187015
0.183341
0.179723
0.176155
0.172629
0.169140
0.165683
0.162254
0.158849
0.155465
0.167647
0.164346
0.161097
0.157896
0.154736
0.151613
0.148521
0.145456
0.142415
0.139395
0.136393
0.133406
0.130432
0.127470
0.124517
0.121573
0.118636
0.115705
0.112779
0.109858
0.122518
0.119653
0.116829
0.114043
0.111291
0.124145
0.121497
0.118909
0.116376
0.113892
0.111449
0.109044
0.106670
0.104324
0.102002
0.099701
0.097419
0.095152
0.092899
0.090657
0.088426
0.086203
0.083988
0.081779
0.079576
0.077377
0.075183
0.072991
0.070802
0.068616
0.066431
0.064248
0.062066
0.059885
0.057705
0.071126
0.068996
0.066905
0.064850
0.062827
0.076432
0.074510
0.072649
0.070841
0.069081
0.067363
0.065680
0.064030
0.062407
0.060808
0.059230
0.057670
0.056126
0.054596
0.053077
0.051569
0.050070
0.048578
0.047093
0.045613
0.044139
0.042668
0.041201
0.039738
0.038276
0.036817
0.035360
0.033903
0.032449
0.030995
0.029542
0.028089
0.026637
0.025185
0.023734
0.022282
0.020830
0.019379
0.017927
0.016475
0.030638
0.029236
0.027872
0.026544
0.025246
0.039592
0.038397
0.037261
0.036179
0.035145
0.034152
0.033196
0.032271
0.031375
0.030502
0.029651
0.028818
0.028001
0.027198
0.026407
0.025627
0.024856
0.024092
0.023336
0.022585
0.021840
0.021099
0.020362
0.019628
0.018897
0.018168
0.017441
0.016716
0.015993
0.015270
0.014549
0.013828
0.013109
0.012389
0.011670
0.010952
0.010233
0.009515
0.008797
0.008079
0.007360
0.006642
0.005924
0.005205
0.004486
0.003767
0.003048
0.002329
0.001609
0.000889
0.000169
-0.000552
-0.001272
-0.001994
-0.002715
-0.003437
-0.004159
-0.004881
-0.005603
-0.006326
-0.007049
-0.007773
-0.008497
-0.009221
-0.009945
-0.010670
-0.011395
-0.012120
-0.012845
-0.013571
-0.014297
-0.015024
-0.015750
-0.016477
-0.017204
-0.002308
-0.002986
-0.003624
-0.004227
-0.004799
-0.005344
-0.005864
-0.006363
-0.006844
-0.007308
0.007865
0.007477
0.007139
0.006846
0.006592
-0.009250
-0.009488
-0.009739
-0.010001
-0.010275
-0.010559
-0.010852
-0.011153
-0.011461
-0.011774
0.003530
0.003257
0.003018
0.002811
0.002633
0.002480
0.002348
0.002236
0.002141
0.002060
-0.013632
-0.013739
-0.013876
-0.014040
-0.014228
-0.014437
-0.014666
-0.014910
-0.015170
-0.015442
-0.000101
-0.000344
-0.000556
-0.000740
-0.000900
-0.016660
-0.016828
-0.017018
-0.017229
-0.017459
-0.017705
-0.017965
-0.018239
-0.018523
-0.018818
-0.003497
-0.003758
-0.003986
-0.004184
-0.004356
-0.004504
-0.004632
-0.004743
-0.004837
-0.004918
-0.004986
-0.005045
-0.005094
-0.005135
-0.005170
-0.020822
-0.020895
-0.021003
-0.021142
-0.021310
-0.005879
-0.006043
-0.006186
-0.006312
-0.006420
-0.006513
-0.006593
-0.006662
-0.006720
-0.006770
-0.006812
-0.006847
-0.006877
-0.006901
-0.006921
-0.006937
-0.006949
-0.006959
-0.006966
-0.006971
-0.006974
-0.006975
-0.006975
-0.006974
-0.006972
-0.006968
-0.006964
-0.006960
-0.006954
-0.006948
-0.006942
-0.006936
-0.006929
-0.006922
-0.006914
-0.022531
-0.022573
-0.022655
-0.022772
-0.022921
-0.007473
-0.007624
-0.007757
-0.007873
-0.007974
-0.023685
-0.023811
-0.023965
-0.024146
-0.024351
-0.008952
-0.009146
-0.009316
-0.009465
-0.009595
-0.009707
-0.009805
-0.009890
-0.009963
-0.010026
-0.010080
-0.010127
-0.010167
-0.010201
-0.010230
-0.010254
-0.010275
-0.010292
-0.010306
-0.010318
-0.010328
-0.010335
-0.010341
-0.010345
-0.010348
-0.010350
-0.010351
-0.010352
-0.010351
-0.010350
-0.010348
-0.010346
-0.010344
-0.010341
-0.010338
-0.010334
-0.010331
-0.010327
-0.010323
-0.010319
-0.010315
-0.010311
-0.010307
-0.010302
-0.010298
-0.010294
-0.010290
-0.010285
-0.010281
-0.010277
-0.010272
-0.010268
-0.010264
-0.010259
-0.010255
-0.010251
-0.010247
-0.010243
-0.010239
-0.010235
-0.010231
-0.010227
-0.010223
-0.010219
-0.010215
-0.010211
-0.010208
-0.010204
-0.010200
-0.010197
-0.010193
-0.010190
-0.010186
-0.010183
-0.010179
-0.010176
-0.010173
-0.010169
-0.010166
-0.010163
-0.010160
-0.010157
-0.010154
-0.010151
-0.010148
-0.010145
-0.010142
-0.010139
-0.010136
-0.010133
-0.010130
-0.010128
-0.010125
-0.010122
-0.010119
-0.010117
-0.010114
-0.010112
-0.010109
-0.010107
-0.010104
-0.010102
-0.010099
-0.010097
-0.010095
-0.010092
-0.010090
-0.010088
-0.010086
-0.010083
-0.010081
-0.010079
-0.010077
-0.010075
-0.010073
-0.010071
-0.010071
-0.010071
3.779729
3.783469
3.787932
3.792831
3.798023
3.803436
3.809032
3.814789
3.820694
3.826740
3.832918
3.839225
3.845654
3.852203
3.858866
3.865641
3.872523
3.879510
3.886597
3.893782
3.901061
3.908432
3.915892
3.923438
3.931068
3.938778
3.946567
3.954432
3.962371
3.970381
3.978460
3.986607
3.994818
4.003093
4.011428
4.019823
4.028274
4.036781
4.045342
4.053954
4.062617
4.071328
4.080085
4.088888
4.097735
4.106623
4.115552
4.124520
4.133526
4.142567
4.151644
4.160753
4.169895
4.179068
4.188270
4.197500
4.206757
4.216039
4.225346
4.234676
4.244028
4.253401
4.262794
4.272205
4.281634
4.291080
4.300541
4.310016
4.319505
4.329006
4.338518
4.348041
4.357573
4.367114
4.376662
4.386217
4.395778
4.405343
4.414913
4.424485
4.434061
4.443637
4.453214
4.462792
4.472368
4.481943
4.491515
4.501084
4.510650
4.520210
4.529766
4.539315
4.548858
4.558393
4.567921
4.577440
4.586949
4.596449
4.605938
4.615416
4.624882
4.634336
4.643778
4.653205
4.662619
4.672019
4.681403
4.690772
4.700124
4.709461
4.718780
4.728081
4.737365
4.746630
4.755876
4.765103
4.774310
4.783497
4.792663
4.801808
4.810932
4.820034
4.829113
4.838170
4.847204
4.856215
4.865202
4.874165
4.883103
4.892017
4.900905
4.909769
4.918606
4.927418
4.936203
4.944962
4.953694
4.962399
4.971076
4.979725
4.988347
4.996941
5.005506
5.014042
5.022549
5.031028
5.039477
5.047896
5.056286
5.064645
5.072975
5.081274
5.089542
5.097780
5.105987
5.114162
5.122306
5.130419
5.138501
5.146550
5.154568
5.162553
5.170507
5.178428
5.186316
5.194172
5.201996
5.209786
5.217544
5.225268
5.232960
5.240618
5.248243
5.255834
5.263392
5.270917
5.278407
5.285864
5.293287
5.300677
5.308032
5.315353
5.322640
5.329893
5.337112
5.344297
-0.931738
-0.924622
-0.917541
-0.910493
-0.903480
-0.896502
-0.889558
-0.882649
-0.875774
-0.868933
-0.862127
